2
50
108     188
472     302
496     327
127     227
379     316
69     105
210     275
402     100
138     146
210     171
169     72
267     258
530     321
506     132
460     244
467     191
263     241
534     268
177     210
550     173
498     227
520     184
254     233
239     96
207     306
197     163
474     72
493     213
526     125
525     66
263     103
569     210
176     298
199     93
47     157
339     287
289     173
231     219
203     134
303     145
230     179
221     72
233     137
368     330
206     66
510     94
492     218
135     323
443     200
177     216
