2
45
440     17
562     215
74     107
197     235
155     334
130     130
429     331
62     222
102     40
208     368
219     124
311     144
55     37
246     18
445     236
429     71
424     9
225     198
559     6
534     368
554     125
254     141
337     68
167     377
65     47
402     91
306     239
545     180
299     201
103     22
200     337
32     229
297     152
70     345
295     53
474     119
586     116
375     320
519     40
470     316
343     32
116     216
364     360
331     294
417     199
