2
101 121 1
-10.101 -10.101 
    95      5 
    65     15 
    85      5 
    75      5 
    95     95 
    45     55 
    45     65 
     5      5 
     5     15 
    15      5 
    25      5 
    25     15 
    15     15 
    65      5 
    55      5 
     5     85 
     5     95 
    35     55 
    25     55 
    15     55 
     5     55 
    95     65 
    85     65 
    75     15 
    75     25 
    65     95 
    75     75 
    65     75 
    65     85 
    35     25 
    25     85 
    15     85 
    25     95 
    15     95 
     5     25 
    25     75 
    25     65 
    35     65 
    15     75 
     5     75 
    15     65 
     5     65 
    85     75 
    95     75 
    95     85 
    85     85 
    75     85 
    75     95 
    85     95 
    65     45 
    35     35 
    35     45 
    95     25 
    95     15 
    85     15 
    85     25 
    55     55 
    55     65 
    55     75 
    55     15 
    45     25 
    45     15 
    35      5 
    45      5 
    35     15 
    25     45 
    55     25 
    65     25 
    65     35 
    55     35 
    55     45 
    45     45 
    45     35 
    95     35 
    75     55 
    75     65 
    65     65 
    65     55 
    35     95 
    15     25 
    25     25 
    25     35 
    15     35 
     5     45 
     5     35 
    15     45 
    75     45 
    75     35 
    85     35 
    85     45 
    95     55 
    85     55 
    95     45 
    45     75 
    35     75 
    35     85 
    45     85 
    55     95 
    55     85 
    45     95 
2 8 0
3 9 0 8
3 35 0 9
3 85 0 35
3 85 0 84
3 84 0 21
3 42 0 21
3 42 0 40
3 40 0 16
3 16 0 17
2 17 0
3 8 0 10
4 13 9 8 10
4 80 13 9 35
4 83 80 35 85
4 86 83 85 84
4 86 84 21 20
4 21 42 41 20
4 42 40 39 41
4 39 40 16 32
4 34 17 16 32
3 34 0 17
3 10 0 11
4 13 10 11 12
4 80 81 12 13
4 83 80 81 82
4 83 82 66 86
4 86 20 19 66
4 41 20 19 37
4 39 41 37 36
4 32 31 36 39
4 34 33 31 32
3 34 0 33
3 11 0 63
4 65 63 11 12
4 65 30 81 12
4 82 51 30 81
4 82 51 52 66
4 66 52 18 19
4 37 19 18 38
4 38 95 36 37
4 96 31 36 95
4 96 79 33 31
3 79 0 33
3 64 0 63
4 65 62 64 63
4 62 61 30 65
4 73 51 30 61
4 52 72 73 51
4 72 6 18 52
4 38 7 6 18
4 94 7 38 95
4 97 94 95 96
4 97 96 79 100
3 100 0 79
3 64 0 15
4 62 64 15 60
4 61 67 60 62
4 70 73 61 67
4 73 70 71 72
4 72 6 57 71
4 58 7 6 57
4 94 7 58 59
4 97 94 59 99
4 100 97 99 98
3 100 0 98
3 14 0 15
4 60 2 14 15
4 67 68 2 60
4 70 67 68 69
4 70 69 50 71
4 78 50 71 57
4 77 58 57 78
4 77 28 59 58
4 99 59 28 29
4 99 98 26 29
3 98 0 26
3 14 0 4
4 24 2 14 4
4 25 68 2 24
4 69 68 25 88
4 87 50 69 88
4 78 50 87 75
4 78 75 76 77
4 77 76 27 28
4 29 47 27 28
4 47 48 26 29
3 48 0 26
3 4 0 3
4 55 3 4 24
4 56 25 24 55
4 89 88 25 56
4 90 87 88 89
4 90 87 75 92
4 92 23 76 75
4 23 43 27 76
4 46 43 27 47
4 49 46 47 48
3 0 49 48
3 3 0 1
4 55 3 1 54
4 56 53 54 55
4 89 74 53 56
4 90 89 74 93
4 93 90 92 91
4 92 91 22 23
4 43 44 22 23
4 45 46 43 44
4 46 45 5 49
3 49 0 5
2 1 0
3 54 0 1
3 0 54 53
3 53 0 74
3 93 0 74
3 93 0 91
3 91 0 22
3 44 0 22
3 45 0 44
3 45 0 5
2 5 0
