2
230
517     129
53     295
128     294
11     365
203     118
98     316
191     145
75     93
467     74
327     335
274     320
336     52
72     36
176     112
577     175
389     167
582     242
188     317
322     273
146     154
391     261
268     151
494     288
418     251
64     297
84     81
267     20
427     244
188     147
437     263
344     276
420     26
226     342
103     183
51     189
381     198
36     188
429     109
217     21
498     29
589     148
143     283
528     61
144     289
136     62
359     27
305     261
417     354
260     275
152     96
445     280
375     30
399     191
74     256
374     318
463     151
208     82
315     226
20     182
248     131
475     73
405     187
48     317
519     372
566     315
126     76
495     181
459     112
224     273
589     62
131     276
444     270
488     54
29     290
121     320
575     172
383     33
579     212
491     156
237     309
413     315
593     104
427     5
198     252
468     199
267     359
402     86
142     74
572     118
564     298
2     24
588     46
163     124
380     101
272     181
36     354
495     87
274     304
339     323
553     146
549     71
555     38
177     91
52     315
338     97
95     194
63     339
284     146
493     181
410     341
303     301
538     334
114     44
555     327
352     325
107     251
17     264
78     2
278     266
467     266
572     87
492     17
72     126
270     345
473     288
584     118
156     11
272     68
48     185
7     165
370     72
186     82
350     278
251     43
206     155
474     98
76     304
202     311
547     177
235     205
496     244
462     33
156     55
559     36
391     80
15     110
193     316
43     137
354     287
96     10
331     355
66     350
316     169
226     214
110     255
118     272
357     117
283     338
531     173
342     194
547     350
58     47
527     355
46     336
451     152
550     317
378     265
493     186
595     131
29     290
469     64
424     273
360     265
80     56
504     259
158     146
381     309
13     6
73     172
201     343
166     369
53     103
408     227
276     316
140     56
230     95
499     177
253     372
306     236
360     266
154     237
138     155
527     252
262     36
471     192
253     25
373     47
288     199
175     279
514     360
331     197
242     219
222     157
440     150
337     233
484     286
297     3
169     335
592     328
578     36
107     222
27     22
531     233
491     324
223     85
424     115
249     108
336     38
517     187
157     254
51     29
272     290
483     146
509     297
429     341
0     37
196     345
419     230
579     347
123     337
