2
76
20     10
20     20
20     30
20     40
20     50
20     60
20     70
20     80
20     90
20     100
20     110
20     120
20     130
20     140
20     150
20     160
20     170
20     180
20     190
40     10
40     20
40     30
40     40
40     50
40     60
40     70
40     80
40     90
40     100
40     110
40     120
40     130
40     140
40     150
40     160
40     170
40     180
40     190
60     10
60     20
60     30
60     40
60     50
60     60
60     70
60     80
60     90
60     100
60     110
60     120
60     130
60     140
60     150
60     160
60     170
60     180
60     190
80     10
80     20
80     30
80     40
80     50
80     60
80     70
80     80
80     90
80     100
80     110
80     120
80     130
80     140
80     150
80     160
80     170
80     180
80     190
